0.000000 0.000000 0.000000
0.010100 -0.001018 -0.010048
0.020199 -0.001704 -0.020125
0.030299 -0.002053 -0.030218
0.040398 -0.002060 -0.040318
0.050498 -0.001723 -0.050411
0.060597 -0.001038 -0.060488
0.070697 -0.000003 -0.070534
0.080796 0.001380 -0.080538
0.090896 0.003114 -0.090488
0.100995 0.005196 -0.100370
0.111095 0.007624 -0.110174
0.121194 0.010395 -0.119885
0.131294 0.013506 -0.129494
0.141393 0.016952 -0.138987
0.151493 0.020728 -0.148354
0.161592 0.024827 -0.157585
0.171692 0.029242 -0.166668
0.181791 0.033965 -0.175595
0.191891 0.038989 -0.184356
0.201990 0.044304 -0.192944
0.212090 0.049901 -0.201351
0.222190 0.055770 -0.209571
0.232289 0.061901 -0.217597
0.242389 0.068282 -0.225425
0.252489 0.074903 -0.233052
0.262589 0.081753 -0.240474
0.272689 0.088821 -0.247689
0.282789 0.096094 -0.254697
0.292889 0.103561 -0.261498
0.302989 0.111211 -0.268093
0.313089 0.119032 -0.274484
0.323189 0.127012 -0.280675
0.333290 0.135141 -0.286670
0.343390 0.143407 -0.292474
0.353490 0.151799 -0.298095
0.363591 0.160307 -0.303539
0.373691 0.168920 -0.308815
0.383792 0.177628 -0.313933
0.393893 0.186421 -0.318902
0.403993 0.195291 -0.323736
0.414094 0.204226 -0.328446
0.424195 0.213219 -0.333045
0.434296 0.222260 -0.337548
0.444397 0.231342 -0.341971
0.454498 0.240454 -0.346330
0.464599 0.249589 -0.350641
0.474700 0.258737 -0.354923
0.484801 0.267891 -0.359194
0.494902 0.277040 -0.363474
0.505003 0.286176 -0.367783
0.515104 0.295288 -0.372143
0.525205 0.304364 -0.376574
0.535306 0.313395 -0.381100
0.545406 0.322365 -0.385742
0.555507 0.331262 -0.390524
0.565607 0.340069 -0.395470
0.575708 0.348768 -0.400602
0.585808 0.357340 -0.405945
0.595908 0.365762 -0.411520
0.606008 0.374008 -0.417350
0.616107 0.382052 -0.423457
0.626206 0.389862 -0.429861
0.636305 0.397402 -0.436578
0.646403 0.404635 -0.443625
0.656501 0.411518 -0.451014
0.666598 0.418004 -0.458752
0.676695 0.424043 -0.466844
0.686791 0.429579 -0.475287
0.696886 0.434556 -0.484070
0.706981 0.438909 -0.493178
0.717074 0.442576 -0.502582
0.727167 0.445490 -0.512245
0.737259 0.447584 -0.522117
0.747349 0.448793 -0.532134
0.757438 0.449053 -0.542220
0.767526 0.448310 -0.552280
0.777612 0.446514 -0.562206
0.787697 0.443631 -0.571869
0.797780 0.439640 -0.581129
0.807861 0.434544 -0.589827
0.817939 0.428370 -0.597793
0.828016 0.421176 -0.604849
0.838090 0.413054 -0.610809
0.848162 0.404138 -0.615492
0.858230 0.394603 -0.618728
0.868296 0.384671 -0.620365
0.878358 0.374609 -0.620284
0.888417 0.364726 -0.618413
0.898472 0.355366 -0.614739
0.908523 0.346900 -0.609322
0.918569 0.339707 -0.602308
0.928611 0.334156 -0.593940
0.938648 0.330576 -0.584564
0.948679 0.329232 -0.574623
0.958705 0.330284 -0.564652
0.968725 0.333761 -0.555255
0.978738 0.339526 -0.547068
0.988744 0.347256 -0.540715
0.998742 0.356432 -0.536745
