2.262099999999999944e-01 6.459999999999999597e-03 0.000000000000000000e+00
2.274899999999999978e-01 8.729999999999999913e-03 0.000000000000000000e+00
2.286999999999999866e-01 1.102999999999999987e-02 0.000000000000000000e+00
2.298199999999999965e-01 1.336000000000000035e-02 0.000000000000000000e+00
2.308699999999999919e-01 1.570999999999999827e-02 0.000000000000000000e+00
2.318300000000000083e-01 1.808999999999999844e-02 0.000000000000000000e+00
2.327200000000000102e-01 2.049000000000000127e-02 0.000000000000000000e+00
2.335299999999999876e-01 2.290999999999999981e-02 0.000000000000000000e+00
2.342599999999999960e-01 2.535000000000000100e-02 0.000000000000000000e+00
2.349100000000000077e-01 2.781000000000000139e-02 0.000000000000000000e+00
2.354900000000000049e-01 3.029000000000000095e-02 0.000000000000000000e+00
2.359900000000000053e-01 3.277999999999999664e-02 0.000000000000000000e+00
2.364100000000000090e-01 3.529000000000000192e-02 0.000000000000000000e+00
2.367700000000000082e-01 3.780000000000000027e-02 0.000000000000000000e+00
2.370500000000000107e-01 4.032999999999999780e-02 0.000000000000000000e+00
2.372499999999999887e-01 4.286000000000000226e-02 0.000000000000000000e+00
2.373899999999999899e-01 4.540000000000000285e-02 0.000000000000000000e+00
2.374499999999999944e-01 4.794999999999999957e-02 0.000000000000000000e+00
2.374499999999999944e-01 5.050000000000000322e-02 0.000000000000000000e+00
2.373699999999999977e-01 5.303999999999999687e-02 0.000000000000000000e+00
2.372299999999999964e-01 5.559000000000000052e-02 0.000000000000000000e+00
2.370099999999999985e-01 5.813999999999999724e-02 0.000000000000000000e+00
2.367400000000000060e-01 6.067999999999999783e-02 0.000000000000000000e+00
2.363899999999999890e-01 6.321999999999999842e-02 0.000000000000000000e+00
2.359799999999999953e-01 6.575000000000000289e-02 0.000000000000000000e+00
2.355099999999999971e-01 6.826999999999999735e-02 0.000000000000000000e+00
2.349700000000000122e-01 7.077999999999999570e-02 0.000000000000000000e+00
2.343699999999999950e-01 7.327000000000000179e-02 0.000000000000000000e+00
2.337100000000000011e-01 7.575999999999999401e-02 0.000000000000000000e+00
2.329900000000000027e-01 7.822999999999999399e-02 0.000000000000000000e+00
2.322099999999999997e-01 8.068000000000000171e-02 0.000000000000000000e+00
2.313699999999999923e-01 8.311000000000000332e-02 0.000000000000000000e+00
2.304700000000000082e-01 8.552999999999999492e-02 0.000000000000000000e+00
2.295200000000000018e-01 8.791999999999999815e-02 0.000000000000000000e+00
2.285000000000000087e-01 9.028999999999999526e-02 0.000000000000000000e+00
2.274400000000000033e-01 9.264000000000000012e-02 0.000000000000000000e+00
2.263199999999999934e-01 9.495000000000000662e-02 0.000000000000000000e+00
2.251400000000000068e-01 9.725000000000000311e-02 0.000000000000000000e+00
2.239200000000000079e-01 9.951000000000000123e-02 0.000000000000000000e+00
2.226400000000000046e-01 1.017399999999999971e-01 0.000000000000000000e+00
2.213100000000000067e-01 1.039400000000000046e-01 0.000000000000000000e+00
2.199299999999999866e-01 1.060999999999999999e-01 0.000000000000000000e+00
2.184999999999999998e-01 1.082300000000000068e-01 0.000000000000000000e+00
2.170199999999999907e-01 1.103299999999999975e-01 0.000000000000000000e+00
2.154999999999999971e-01 1.123900000000000038e-01 0.000000000000000000e+00
2.139199999999999990e-01 1.144199999999999939e-01 0.000000000000000000e+00
2.122999999999999887e-01 1.164099999999999996e-01 0.000000000000000000e+00
2.106300000000000117e-01 1.183700000000000030e-01 0.000000000000000000e+00
2.089199999999999946e-01 1.202899999999999942e-01 0.000000000000000000e+00
2.071699999999999930e-01 1.221700000000000008e-01 0.000000000000000000e+00
2.053699999999999970e-01 1.240200000000000052e-01 0.000000000000000000e+00
2.035299999999999887e-01 1.258299999999999974e-01 0.000000000000000000e+00
2.016499999999999959e-01 1.276100000000000012e-01 0.000000000000000000e+00
1.997200000000000086e-01 1.293400000000000105e-01 0.000000000000000000e+00
1.977599999999999913e-01 1.310399999999999898e-01 0.000000000000000000e+00
1.957699999999999996e-01 1.327099999999999946e-01 0.000000000000000000e+00
1.937300000000000133e-01 1.343300000000000050e-01 0.000000000000000000e+00
1.916599999999999970e-01 1.359100000000000030e-01 0.000000000000000000e+00
1.895499999999999963e-01 1.374599999999999989e-01 0.000000000000000000e+00
1.874099999999999933e-01 1.389700000000000102e-01 0.000000000000000000e+00
1.852300000000000058e-01 1.404400000000000093e-01 0.000000000000000000e+00
1.830199999999999882e-01 1.418699999999999961e-01 0.000000000000000000e+00
1.807799999999999963e-01 1.432599999999999985e-01 0.000000000000000000e+00
1.785100000000000020e-01 1.446099999999999886e-01 0.000000000000000000e+00
1.762199999999999878e-01 1.459199999999999942e-01 0.000000000000000000e+00
1.738899999999999890e-01 1.471800000000000053e-01 0.000000000000000000e+00
1.715299999999999880e-01 1.484099999999999864e-01 0.000000000000000000e+00
1.691499999999999948e-01 1.496000000000000107e-01 0.000000000000000000e+00
1.667399999999999993e-01 1.507499999999999951e-01 0.000000000000000000e+00
1.643100000000000116e-01 1.518599999999999950e-01 0.000000000000000000e+00
1.618499999999999939e-01 1.529200000000000004e-01 0.000000000000000000e+00
1.593700000000000117e-01 1.539500000000000035e-01 0.000000000000000000e+00
1.568700000000000094e-01 1.549300000000000122e-01 0.000000000000000000e+00
1.543400000000000050e-01 1.558700000000000085e-01 0.000000000000000000e+00
1.517999999999999905e-01 1.567600000000000104e-01 0.000000000000000000e+00
1.492300000000000015e-01 1.576200000000000101e-01 0.000000000000000000e+00
1.466500000000000026e-01 1.584299999999999875e-01 0.000000000000000000e+00
1.440500000000000114e-01 1.592000000000000082e-01 0.000000000000000000e+00
1.414400000000000102e-01 1.599299999999999888e-01 0.000000000000000000e+00
1.388099999999999890e-01 1.606100000000000028e-01 0.000000000000000000e+00
1.361600000000000033e-01 1.612500000000000044e-01 0.000000000000000000e+00
1.335000000000000075e-01 1.618499999999999939e-01 0.000000000000000000e+00
1.308300000000000018e-01 1.624099999999999988e-01 0.000000000000000000e+00
1.281499999999999861e-01 1.629099999999999993e-01 0.000000000000000000e+00
1.254500000000000060e-01 1.633799999999999975e-01 0.000000000000000000e+00
1.227499999999999980e-01 1.638000000000000012e-01 0.000000000000000000e+00
1.200299999999999978e-01 1.641799999999999926e-01 0.000000000000000000e+00
1.173099999999999976e-01 1.645099999999999896e-01 0.000000000000000000e+00
1.145800000000000013e-01 1.648000000000000020e-01 0.000000000000000000e+00
1.118399999999999950e-01 1.650399999999999923e-01 0.000000000000000000e+00
1.091000000000000025e-01 1.652399999999999980e-01 0.000000000000000000e+00
1.063500000000000001e-01 1.653900000000000092e-01 0.000000000000000000e+00
1.035999999999999976e-01 1.654899999999999982e-01 0.000000000000000000e+00
1.008499999999999952e-01 1.655500000000000027e-01 0.000000000000000000e+00
9.810000000000000664e-02 1.655699999999999950e-01 0.000000000000000000e+00
9.535000000000000420e-02 1.655399999999999927e-01 0.000000000000000000e+00
9.260000000000000175e-02 1.654599999999999960e-01 0.000000000000000000e+00
8.984999999999999931e-02 1.653399999999999870e-01 0.000000000000000000e+00
8.709999999999999687e-02 1.651700000000000113e-01 0.000000000000000000e+00
8.436000000000000443e-02 1.649599999999999955e-01 0.000000000000000000e+00
8.162999999999999423e-02 1.647099999999999953e-01 0.000000000000000000e+00
7.889999999999999791e-02 1.644100000000000006e-01 0.000000000000000000e+00
7.617999999999999772e-02 1.640600000000000114e-01 0.000000000000000000e+00
7.346999999999999365e-02 1.636799999999999922e-01 0.000000000000000000e+00
7.076999999999999957e-02 1.632500000000000062e-01 0.000000000000000000e+00
6.808999999999999775e-02 1.627699999999999980e-01 0.000000000000000000e+00
6.540999999999999592e-02 1.622500000000000053e-01 0.000000000000000000e+00
6.275000000000000022e-02 1.616900000000000004e-01 0.000000000000000000e+00
6.010999999999999677e-02 1.610900000000000110e-01 0.000000000000000000e+00
5.748000000000000331e-02 1.604399999999999993e-01 0.000000000000000000e+00
5.487000000000000210e-02 1.597500000000000031e-01 0.000000000000000000e+00
5.228000000000000008e-02 1.590199999999999947e-01 0.000000000000000000e+00
4.970999999999999724e-02 1.582500000000000018e-01 0.000000000000000000e+00
4.716000000000000053e-02 1.574299999999999866e-01 0.000000000000000000e+00
4.463000000000000300e-02 1.565699999999999870e-01 0.000000000000000000e+00
4.211999999999999772e-02 1.556700000000000028e-01 0.000000000000000000e+00
3.964000000000000162e-02 1.547300000000000064e-01 0.000000000000000000e+00
3.719000000000000083e-02 1.537399999999999878e-01 0.000000000000000000e+00
3.475999999999999923e-02 1.527199999999999946e-01 0.000000000000000000e+00
3.234999999999999681e-02 1.516500000000000070e-01 0.000000000000000000e+00
2.997999999999999970e-02 1.505499999999999894e-01 0.000000000000000000e+00
2.764000000000000137e-02 1.494000000000000050e-01 0.000000000000000000e+00
2.531999999999999876e-02 1.482100000000000084e-01 0.000000000000000000e+00
2.304000000000000145e-02 1.469799999999999995e-01 0.000000000000000000e+00
2.079999999999999905e-02 1.457100000000000062e-01 0.000000000000000000e+00
1.857999999999999929e-02 1.444000000000000006e-01 0.000000000000000000e+00
1.640000000000000138e-02 1.430500000000000105e-01 0.000000000000000000e+00
1.426000000000000011e-02 1.416499999999999981e-01 0.000000000000000000e+00
1.216000000000000067e-02 1.402200000000000113e-01 0.000000000000000000e+00
1.009000000000000001e-02 1.387500000000000122e-01 0.000000000000000000e+00
8.059999999999999457e-03 1.372400000000000009e-01 0.000000000000000000e+00
6.080000000000000335e-03 1.356900000000000051e-01 0.000000000000000000e+00
4.129999999999999991e-03 1.340999999999999970e-01 0.000000000000000000e+00
2.230000000000000211e-03 1.324599999999999944e-01 0.000000000000000000e+00
3.800000000000000209e-04 1.307899999999999896e-01 0.000000000000000000e+00
-1.440000000000000091e-03 1.290800000000000003e-01 0.000000000000000000e+00
-3.200000000000000153e-03 1.273299999999999987e-01 0.000000000000000000e+00
-4.919999999999999894e-03 1.255400000000000127e-01 0.000000000000000000e+00
-6.590000000000000371e-03 1.237100000000000005e-01 0.000000000000000000e+00
-8.210000000000000284e-03 1.218400000000000039e-01 0.000000000000000000e+00
-9.780000000000000498e-03 1.199299999999999949e-01 0.000000000000000000e+00
-1.129999999999999928e-02 1.179800000000000015e-01 0.000000000000000000e+00
-1.277000000000000010e-02 1.160000000000000059e-01 0.000000000000000000e+00
-1.417999999999999990e-02 1.139700000000000019e-01 0.000000000000000000e+00
-1.553000000000000040e-02 1.119099999999999956e-01 0.000000000000000000e+00
-1.682000000000000162e-02 1.098200000000000010e-01 0.000000000000000000e+00
-1.805000000000000007e-02 1.076899999999999941e-01 0.000000000000000000e+00
-1.922000000000000097e-02 1.055299999999999988e-01 0.000000000000000000e+00
-2.033000000000000085e-02 1.033300000000000052e-01 0.000000000000000000e+00
-2.137000000000000011e-02 1.011100000000000054e-01 0.000000000000000000e+00
-2.234999999999999834e-02 9.886000000000000343e-02 0.000000000000000000e+00
-2.324999999999999983e-02 9.657999999999999918e-02 0.000000000000000000e+00
-2.409000000000000030e-02 9.427000000000000657e-02 0.000000000000000000e+00
-2.486000000000000015e-02 9.193999999999999395e-02 0.000000000000000000e+00
-2.554999999999999979e-02 8.958000000000000684e-02 0.000000000000000000e+00
-2.615999999999999923e-02 8.719000000000000361e-02 0.000000000000000000e+00
-2.670000000000000151e-02 8.479000000000000425e-02 0.000000000000000000e+00
-2.716000000000000011e-02 8.236000000000000265e-02 0.000000000000000000e+00
-2.755000000000000157e-02 7.990999999999999492e-02 0.000000000000000000e+00
-2.784000000000000016e-02 7.743999999999999495e-02 0.000000000000000000e+00
-2.806000000000000161e-02 7.495999999999999885e-02 0.000000000000000000e+00
-2.818999999999999978e-02 7.245000000000000051e-02 0.000000000000000000e+00
-2.823000000000000162e-02 6.993000000000000604e-02 0.000000000000000000e+00
-2.818000000000000019e-02 6.739000000000000545e-02 0.000000000000000000e+00
-2.803999999999999895e-02 6.483999999999999486e-02 0.000000000000000000e+00
-2.781000000000000139e-02 6.226999999999999896e-02 0.000000000000000000e+00
-2.748000000000000095e-02 5.970000000000000306e-02 0.000000000000000000e+00
-2.706000000000000072e-02 5.711999999999999716e-02 0.000000000000000000e+00
-2.655000000000000068e-02 5.453000000000000208e-02 0.000000000000000000e+00
-2.594000000000000125e-02 5.192999999999999700e-02 0.000000000000000000e+00
-2.526000000000000120e-02 4.934000000000000191e-02 0.000000000000000000e+00
-2.450000000000000094e-02 4.674999999999999989e-02 0.000000000000000000e+00
-2.366000000000000048e-02 4.415000000000000174e-02 0.000000000000000000e+00
-2.274999999999999939e-02 4.157000000000000278e-02 0.000000000000000000e+00
-2.177000000000000116e-02 3.898999999999999688e-02 0.000000000000000000e+00
-2.072999999999999843e-02 3.642000000000000098e-02 0.000000000000000000e+00
-1.961999999999999855e-02 3.386000000000000121e-02 0.000000000000000000e+00
-1.846000000000000071e-02 3.130999999999999756e-02 0.000000000000000000e+00
-1.725000000000000144e-02 2.877000000000000043e-02 0.000000000000000000e+00
-1.599000000000000074e-02 2.625999999999999862e-02 0.000000000000000000e+00
-1.468999999999999993e-02 2.375000000000000028e-02 0.000000000000000000e+00
-1.333999999999999943e-02 2.127000000000000071e-02 0.000000000000000000e+00
-1.196000000000000014e-02 1.881000000000000033e-02 0.000000000000000000e+00
-1.054000000000000076e-02 1.636999999999999914e-02 0.000000000000000000e+00
-9.100000000000000450e-03 1.395000000000000059e-02 0.000000000000000000e+00
-7.629999999999999630e-03 1.154999999999999950e-02 0.000000000000000000e+00
-6.130000000000000032e-03 9.190000000000000252e-03 0.000000000000000000e+00
-4.619999999999999975e-03 6.850000000000000186e-03 0.000000000000000000e+00
-3.089999999999999865e-03 4.539999999999999765e-03 0.000000000000000000e+00
-1.559999999999999972e-03 2.259999999999999856e-03 0.000000000000000000e+00
