0.000000 0.000000 5.728574
-0.009824 -0.001819 5.930806
-0.019456 -0.004473 6.126719
-0.028829 -0.007932 6.314807
-0.037880 -0.012163 6.493770
-0.046550 -0.017130 6.662477
-0.054783 -0.022791 6.819926
-0.062529 -0.029103 6.965180
-0.069743 -0.036017 7.097369
-0.076382 -0.043484 7.215686
-0.082411 -0.051452 7.319439
-0.087798 -0.059868 7.408092
-0.092514 -0.068678 7.481312
-0.096538 -0.077824 7.539008
-0.099851 -0.087252 7.581348
-0.102439 -0.096904 7.608771
-0.104292 -0.106724 7.621984
-0.105405 -0.116654 7.621951
-0.105777 -0.126641 7.609867
-0.105410 -0.136627 7.587135
-0.104311 -0.146560 7.555328
-0.102489 -0.156386 7.516144
-0.099959 -0.166054 7.471359
-0.096737 -0.175513 7.422771
-0.092843 -0.184717 7.372148
-0.088300 -0.193618 7.321172
-0.083133 -0.202173 7.271407
-0.077371 -0.210338 7.224257
-0.071045 -0.218075 7.180949
-0.064188 -0.225345 7.142528
-0.056835 -0.232113 7.109850
-0.049024 -0.238347 7.083603
-0.040794 -0.244016 7.064310
-0.032185 -0.249092 7.052353
-0.023241 -0.253551 7.047991
-0.014005 -0.257370 7.051371
-0.004524 -0.260528 7.062552
0.005157 -0.263010 7.081515
0.014988 -0.264802 7.108181
0.024923 -0.265891 7.142417
0.034909 -0.266270 7.184055
0.044897 -0.265934 7.232896
0.054835 -0.264880 7.288727
0.064670 -0.263110 7.351320
0.074350 -0.260628 7.420454
0.083822 -0.257442 7.495910
0.093031 -0.253563 7.577490
0.101925 -0.249007 7.665021
0.110449 -0.243791 7.758367
0.118549 -0.237940 7.857432
0.126173 -0.231480 7.962173
0.133267 -0.224443 8.072602
0.139780 -0.216865 8.188795
0.145660 -0.208787 8.310886
0.150860 -0.200255 8.439077
0.155331 -0.191320 8.573624
0.159029 -0.182039 8.714832
0.161913 -0.172474 8.863052
0.163945 -0.162693 9.018663
0.165091 -0.152769 9.182064
0.165324 -0.142782 9.353658
0.164621 -0.132818 9.533852
0.162969 -0.122968 9.723057
0.160360 -0.113327 9.921701
0.156797 -0.103997 10.130239
0.152295 -0.095083 10.349191
0.146878 -0.086694 10.579174
0.140586 -0.078941 10.820953
0.133473 -0.071935 11.075485
0.125606 -0.065788 11.343998
0.117074 -0.060608 11.628056
0.107979 -0.056495 11.929655
0.098445 -0.053545 12.251341
0.088613 -0.051839 12.596290
0.078644 -0.051444 12.968403
0.068714 -0.052406 13.372358
0.059018 -0.054748 13.813602
0.049764 -0.058466 14.298289
0.041168 -0.063519 14.833075
0.033453 -0.069833 15.424675
0.026838 -0.077289 16.078968
0.021535 -0.085725 16.799580
0.017737 -0.094936 17.585926
0.015606 -0.104665 18.430958
0.015267 -0.114617 19.319012
0.016788 -0.124455 20.223589
0.020176 -0.133812 21.105589
0.025357 -0.142304 21.915173
0.032172 -0.149546 22.603014
0.040369 -0.155170 23.138756
0.049598 -0.158853 23.519676
0.059418 -0.160341 23.758900
0.069308 -0.159480 23.867973
0.078688 -0.156245 23.852123
0.086950 -0.150761 23.716106
0.093502 -0.143324 23.470713
0.097816 -0.134408 23.132450
0.099487 -0.124652 22.715500
0.098292 -0.114834 22.224205
0.094245 -0.105817 21.650661
0.087638 -0.098478 20.977440
