-2.855933666229248047e+00 -2.947199344635009766e-02 -9.827256202697753906e-01 2.781025767326354980e-01 0.000000000000000000e+00 0.000000000000000000e+00 5.728573799133300781e+00
-2.797972679138183594e+00 -3.916269540786743164e-02 -9.555535912513732910e-01 3.311927318572998047e-01 -9.459879249334335327e-03 -3.067750483751296997e-03 5.930806159973144531e+00
-2.738135814666748047e+00 -4.860114306211471558e-02 -9.248294234275817871e-01 3.838747143745422363e-01 -1.874949783086776733e-02 -6.673479452729225159e-03 6.126719474792480469e+00
-2.676476240158081055e+00 -5.770666897296905518e-02 -8.904647827148437500e-01 4.356847405433654785e-01 -2.780985832214355469e-02 -1.083034090697765350e-02 6.314806938171386719e+00
-2.613062381744384766e+00 -6.642651557922363281e-02 -8.524205684661865234e-01 4.861862659454345703e-01 -3.658494353294372559e-02 -1.554402709007263184e-02 6.493769645690917969e+00
-2.547980785369873047e+00 -7.472750544548034668e-02 -8.107100725173950195e-01 5.349572300910949707e-01 -4.502324014902114868e-02 -2.081283554434776306e-02 6.662477493286132812e+00
-2.481333255767822266e+00 -8.258617669343948364e-02 -7.654013037681579590e-01 5.815783143043518066e-01 -5.307806283235549927e-02 -2.662811428308486938e-02 6.819926261901855469e+00
-2.413239955902099609e+00 -8.997932076454162598e-02 -7.166187763214111328e-01 6.256238818168640137e-01 -6.070701032876968384e-02 -3.297472372651100159e-02 6.965180397033691406e+00
-2.343832969665527344e+00 -9.687964618206024170e-02 -6.645458340644836426e-01 6.666615009307861328e-01 -6.787113845348358154e-02 -3.983177989721298218e-02 7.097369194030761719e+00
-2.273251533508300781e+00 -1.032555997371673584e-01 -6.094275116920471191e-01 7.042639255523681641e-01 -7.453373074531555176e-02 -4.717348515987396240e-02 7.215685844421386719e+00
-2.201634883880615234e+00 -1.090746298432350159e-01 -5.515694618225097656e-01 7.380275130271911621e-01 -8.065989613533020020e-02 -5.496961623430252075e-02 7.319438934326171875e+00
-2.129122734069824219e+00 -1.143053323030471802e-01 -4.913337826728820801e-01 7.675915956497192383e-01 -8.621586114168167114e-02 -6.318625807762145996e-02 7.408092498779296875e+00
-2.055854320526123047e+00 -1.189216375350952148e-01 -4.291352331638336182e-01 7.926542758941650391e-01 -9.116897732019424438e-02 -7.178582996129989624e-02 7.481311798095703125e+00
-1.981968879699707031e+00 -1.229037567973136902e-01 -3.654294312000274658e-01 8.129828572273254395e-01 -9.548772126436233521e-02 -8.072731643915176392e-02 7.539008140563964844e+00
-1.907609939575195312e+00 -1.262379437685012817e-01 -3.007031679153442383e-01 8.284142613410949707e-01 -9.914237260818481445e-02 -8.996617794036865234e-02 7.581348419189453125e+00
-1.832921743392944336e+00 -1.289166212081909180e-01 -2.354590892791748047e-01 8.388558626174926758e-01 -1.021054387092590332e-01 -9.945479035377502441e-02 7.608771324157714844e+00
-1.758046388626098633e+00 -1.309381574392318726e-01 -1.702035218477249146e-01 8.442811369895935059e-01 -1.043527573347091675e-01 -1.091425791382789612e-01 7.621984481811523438e+00
-1.683120012283325195e+00 -1.323067098855972290e-01 -1.054321303963661194e-01 8.447235226631164551e-01 -1.058644503355026245e-01 -1.189766600728034973e-01 7.621951103210449219e+00
-1.608267068862915039e+00 -1.330304890871047974e-01 -4.162057489156723022e-02 8.402745127677917480e-01 -1.066260784864425659e-01 -1.289024055004119873e-01 7.609867095947265625e+00
-1.533598184585571289e+00 -1.331235766410827637e-01 2.078362740576267242e-02 8.310783505439758301e-01 -1.066295653581619263e-01 -1.388641893863677979e-01 7.587135314941406250e+00
-1.459206819534301758e+00 -1.326035559177398682e-01 8.136755228042602539e-02 8.173276782035827637e-01 -1.058740764856338501e-01 -1.488058418035507202e-01 7.555328369140625000e+00
-1.385167837142944336e+00 -1.314921379089355469e-01 1.397573053836822510e-01 7.992603778839111328e-01 -1.043660789728164673e-01 -1.586716920137405396e-01 7.516143798828125000e+00
-1.311538934707641602e+00 -1.298134773969650269e-01 1.956215202808380127e-01 7.771500349044799805e-01 -1.021191775798797607e-01 -1.684066504240036011e-01 7.471359252929687500e+00
-1.238360881805419922e+00 -1.275947093963623047e-01 2.486723512411117554e-01 7.513009905815124512e-01 -9.915353357791900635e-02 -1.779574006795883179e-01 7.422771453857421875e+00
-1.165657043457031250e+00 -1.248641088604927063e-01 2.986682653427124023e-01 7.220361232757568359e-01 -9.549427032470703125e-02 -1.872723698616027832e-01 7.372147560119628906e+00
-1.093434572219848633e+00 -1.216522455215454102e-01 3.454143106937408447e-01 6.896892189979553223e-01 -9.117078781127929688e-02 -1.963024139404296875e-01 7.321171760559082031e+00
-1.021683454513549805e+00 -1.179904416203498840e-01 3.887593746185302734e-01 6.545951962471008301e-01 -8.621476590633392334e-02 -2.050012350082397461e-01 7.271407127380371094e+00
-9.503795504570007324e-01 -1.139115095138549805e-01 4.285939931869506836e-01 6.170814037322998047e-01 -8.065946400165557861e-02 -2.133255451917648315e-01 7.224257469177246094e+00
-8.794853091239929199e-01 -1.094490438699722290e-01 4.648446142673492432e-01 5.774633288383483887e-01 -7.453855872154235840e-02 -2.212350517511367798e-01 7.180949211120605469e+00
-8.089522719383239746e-01 -1.046380847692489624e-01 4.974686503410339355e-01 5.360403060913085938e-01 -6.788566708564758301e-02 -2.286925315856933594e-01 7.142527580261230469e+00
-7.387210726737976074e-01 -9.951402246952056885e-02 5.264487266540527344e-01 4.930949211120605469e-01 -6.073440611362457275e-02 -2.356638163328170776e-01 7.109849929809570312e+00
-6.687272787094116211e-01 -9.411302953958511353e-02 5.517850518226623535e-01 4.488939642906188965e-01 -5.311861634254455566e-02 -2.421170175075531006e-01 7.083602905273437500e+00
-5.989019870758056641e-01 -8.847253024578094482e-02 5.734915137290954590e-01 4.036905169486999512e-01 -4.507279396057128906e-02 -2.480228990316390991e-01 7.064310073852539062e+00
-5.291720032691955566e-01 -8.262983709573745728e-02 5.915915966033935547e-01 3.577248454093933105e-01 -3.663241863250732422e-02 -2.533544301986694336e-01 7.052352905273437500e+00
-4.594647288322448730e-01 -7.662267982959747314e-02 6.061153411865234375e-01 3.112297654151916504e-01 -2.783513069152832031e-02 -2.580865025520324707e-01 7.047990798950195312e+00
-3.897042274475097656e-01 -7.048933953046798706e-02 6.170982718467712402e-01 2.644284367561340332e-01 -1.872041821479797363e-02 -2.621961832046508789e-01 7.051370620727539062e+00
-3.198142051696777344e-01 -6.426664441823959351e-02 6.245803833007812500e-01 2.175392508506774902e-01 -9.330511093139648438e-03 -2.656621932983398438e-01 7.062552452087402344e+00
-2.497194409370422363e-01 -5.799137800931930542e-02 6.286073327064514160e-01 1.707758307456970215e-01 2.897381782531738281e-04 -2.684656977653503418e-01 7.081515312194824219e+00
-1.793411374092102051e-01 -5.169871449470520020e-02 6.292301416397094727e-01 1.243465617299079895e-01 1.009288430213928223e-02 -2.705901265144348145e-01 7.108180999755859375e+00
-1.086022853851318359e-01 -4.542258381843566895e-02 6.265059709548950195e-01 7.845730334520339966e-02 2.002915740013122559e-02 -2.720212340354919434e-01 7.142416954040527344e+00
-3.742516040802001953e-02 -3.919517621397972107e-02 6.204998493194580078e-01 3.331012278795242310e-02 3.004670143127441406e-02 -2.727476060390472412e-01 7.184055328369140625e+00
3.426590561866760254e-02 -3.304724395275115967e-02 6.112836599349975586e-01 -1.089411228895187378e-02 4.009209573268890381e-02 -2.727605104446411133e-01 7.232895851135253906e+00
1.065452098846435547e-01 -2.700840868055820465e-02 5.989384055137634277e-01 -5.395644158124923706e-02 5.011054873466491699e-02 -2.720546126365661621e-01 7.288726806640625000e+00
1.794834733009338379e-01 -2.110724151134490967e-02 5.835537910461425781e-01 -9.567778557538986206e-02 6.004677712917327881e-02 -2.706278264522552490e-01 7.351320266723632812e+00
2.531472444534301758e-01 -1.537134684622287750e-02 5.652295351028442383e-01 -1.358588337898254395e-01 6.984482705593109131e-02 -2.684813737869262695e-01 7.420454025268554688e+00
3.275986909866333008e-01 -9.828291833400726318e-03 5.440766215324401855e-01 -1.743004918098449707e-01 7.944910228252410889e-02 -2.656205296516418457e-01 7.495909690856933594e+00
4.028965234756469727e-01 -4.505145363509654999e-03 5.202175378799438477e-01 -2.108042836189270020e-01 8.880440890789031982e-02 -2.620542347431182861e-01 7.577489852905273438e+00
4.790948629379272461e-01 5.713924183510243893e-04 4.937884211540222168e-01 -2.451726198196411133e-01 9.785601496696472168e-02 -2.577956318855285645e-01 7.665020942687988281e+00
5.562463998794555664e-01 5.374958273023366928e-03 4.649397432804107666e-01 -2.772112488746643066e-01 1.065504103899002075e-01 -2.528620958328247070e-01 7.758366584777832031e+00
6.344028711318969727e-01 9.880381636321544647e-03 4.338365495204925537e-01 -3.067306280136108398e-01 1.148345321416854858e-01 -2.472754716873168945e-01 7.857432365417480469e+00
7.136145830154418945e-01 1.406420767307281494e-02 4.006612896919250488e-01 -3.335475325584411621e-01 1.226561665534973145e-01 -2.410618811845779419e-01 7.962172508239746094e+00
7.939349412918090820e-01 1.790471747517585754e-02 3.656126856803894043e-01 -3.574873208999633789e-01 1.299634426832199097e-01 -2.342524677515029907e-01 8.072602272033691406e+00
8.754179477691650391e-01 2.138325758278369904e-02 3.289073705673217773e-01 -3.783853650093078613e-01 1.367046236991882324e-01 -2.268830388784408569e-01 8.188795089721679688e+00
9.581206440925598145e-01 2.448389306664466858e-02 2.907799184322357178e-01 -3.960893750190734863e-01 1.428279131650924683e-01 -2.189943939447402954e-01 8.310886383056640625e+00
1.042102694511413574e+00 2.719408832490444183e-02 2.514831125736236572e-01 -4.104606509208679199e-01 1.482815742492675781e-01 -2.106324583292007446e-01 8.439077377319335938e+00
1.127424240112304688e+00 2.950453944504261017e-02 2.112891823053359985e-01 -4.213765263557434082e-01 1.530141532421112061e-01 -2.018488496541976929e-01 8.573623657226562500e+00
1.214149236679077148e+00 3.140925243496894836e-02 1.704876422882080078e-01 -4.287331104278564453e-01 1.569754034280776978e-01 -1.927005648612976074e-01 8.714832305908203125e+00
1.302344322204589844e+00 3.290514275431632996e-02 1.293866634368896484e-01 -4.324478507041931152e-01 1.601177155971527100e-01 -1.832503527402877808e-01 8.863052368164062500e+00
1.392075538635253906e+00 3.399163857102394104e-02 8.831115067005157471e-02 -4.324627518653869629e-01 1.623977273702621460e-01 -1.735672801733016968e-01 9.018663406372070312e+00
1.483415126800537109e+00 3.467125445604324341e-02 4.760084301233291626e-02 -4.287479519844055176e-01 1.637777537107467651e-01 -1.637261956930160522e-01 9.182064056396484375e+00
1.576435565948486328e+00 3.494897112250328064e-02 7.609086111187934875e-03 -4.213054776191711426e-01 1.642284691333770752e-01 -1.538080722093582153e-01 9.353657722473144531e+00
1.671213865280151367e+00 3.483270108699798584e-02 -3.130094334483146667e-02 -4.101722240447998047e-01 1.637294590473175049e-01 -1.438997834920883179e-01 9.533851623535156250e+00
1.767832279205322266e+00 3.433369845151901245e-02 -6.876130402088165283e-02 -3.954221606254577637e-01 1.622707545757293701e-01 -1.340927779674530029e-01 9.723056793212890625e+00
1.866377830505371094e+00 3.346682712435722351e-02 -1.044024154543876648e-01 -3.771678805351257324e-01 1.598529219627380371e-01 -1.244830787181854248e-01 9.921701431274414062e+00
1.966943264007568359e+00 3.225074335932731628e-02 -1.378579139709472656e-01 -3.555607199668884277e-01 1.564865261316299438e-01 -1.151698976755142212e-01 1.013023948669433594e+01
2.069627285003662109e+00 3.070886805653572083e-02 -1.687684357166290283e-01 -3.307911753654479980e-01 1.521915793418884277e-01 -1.062548160552978516e-01 1.034919071197509766e+01
2.174538850784301758e+00 2.886905521154403687e-02 -1.967847645282745361e-01 -3.030887246131896973e-01 1.469967067241668701e-01 -9.784078598022460938e-02 1.057917404174804688e+01
2.281790256500244141e+00 2.676382102072238922e-02 -2.215686738491058350e-01 -2.727253437042236328e-01 1.409394145011901855e-01 -9.003175795078277588e-02 1.082095336914062500e+01
2.391505241394042969e+00 2.443021722137928009e-02 -2.427965700626373291e-01 -2.400172352790832520e-01 1.340669840574264526e-01 -8.293163776397705078e-02 1.107548522949218750e+01
2.503814220428466797e+00 2.190898731350898743e-02 -2.601625621318817139e-01 -2.053322196006774902e-01 1.264387965202331543e-01 -7.664288580417633057e-02 1.134399795532226562e+01
2.618859291076660156e+00 1.924298144876956940e-02 -2.733863890171051025e-01 -1.690927147865295410e-01 1.181290447711944580e-01 -7.126495242118835449e-02 1.162805557250976562e+01
2.736798048019409180e+00 1.647589728236198425e-02 -2.822245359420776367e-01 -1.317781209945678711e-01 1.092300564050674438e-01 -6.689164042472839355e-02 1.192965507507324219e+01
2.857813835144042969e+00 1.365007366985082626e-02 -2.864850759506225586e-01 -9.391694515943527222e-02 9.985314309597015381e-02 -6.360839307308197021e-02 1.225134086608886719e+01
2.982121229171752930e+00 1.080583035945892334e-02 -2.860405147075653076e-01 -5.607705563306808472e-02 9.012855589389801025e-02 -6.149049103260040283e-02 1.259628963470458984e+01
3.109978199005126953e+00 7.982173934578895569e-03 -2.808377742767333984e-01 -1.884912699460983276e-02 8.020283281803131104e-02 -6.060196459293365479e-02 1.296840286254882812e+01
3.241687297821044922e+00 5.219388753175735474e-03 -2.709025740623474121e-01 1.716358214616775513e-02 7.023581862449645996e-02 -6.099545210599899292e-02 1.337235832214355469e+01
3.377599716186523438e+00 2.562693553045392036e-03 -2.563385963439941406e-01 5.134750157594680786e-02 6.040003895759582520e-02 -6.271024048328399658e-02 1.381360244750976562e+01
3.518116712570190430e+00 6.345585279632359743e-05 -2.373270839452743530e-01 8.306927233934402466e-02 5.088123679161071777e-02 -6.576795876026153564e-02 1.429828929901123047e+01
3.663699388504028320e+00 -2.222942654043436050e-03 -2.141300439834594727e-01 1.116668060421943665e-01 4.188048839569091797e-02 -7.016440480947494507e-02 1.483307456970214844e+01
3.814875364303588867e+00 -4.243955016136169434e-03 -1.871007680892944336e-01 1.364510357379913330e-01 3.361295163631439209e-02 -7.585965096950531006e-02 1.542467498779296875e+01
3.972244977951049805e+00 -5.957609042525291443e-03 -1.567062437534332275e-01 1.567262411117553711e-01 2.630315721035003662e-02 -8.277003467082977295e-02 1.607896804809570312e+01
4.136473655700683594e+00 -7.337278220802545547e-03 -1.235577836632728577e-01 1.718331575393676758e-01 2.017475664615631104e-02 -9.076416492462158203e-02 1.679957962036132812e+01
4.308240413665771484e+00 -8.370365016162395477e-03 -8.844613283872604370e-02 1.811943054199218750e-01 1.544082164764404297e-02 -9.966365993022918701e-02 1.758592605590820312e+01
4.488169670104980469e+00 -9.053810499608516693e-03 -5.236539989709854126e-02 1.843456923961639404e-01 1.229734718799591064e-02 -1.092438921332359314e-01 1.843095779418945312e+01
4.676762580871582031e+00 -9.391938336193561554e-03 -1.651585660874843597e-02 1.809541285037994385e-01 1.091788709163665771e-02 -1.192304939031600952e-01 1.931901168823242188e+01
4.874328136444091797e+00 -9.398177266120910645e-03 1.771156489849090576e-02 1.708660721778869629e-01 1.144577562808990479e-02 -1.292905658483505249e-01 2.022358894348144531e+01
5.080872535705566406e+00 -9.094391018152236938e-03 4.876632243394851685e-02 1.542602479457855225e-01 1.397176086902618408e-02 -1.390283256769180298e-01 2.110558891296386719e+01
5.295938968658447266e+00 -8.503805845975875854e-03 7.503156363964080811e-02 1.318784058094024658e-01 1.848839223384857178e-02 -1.480026096105575562e-01 2.191517257690429688e+01
5.518529891967773438e+00 -7.649335078895092010e-03 9.504326432943344116e-02 1.051105931401252747e-01 2.483828365802764893e-02 -1.557690948247909546e-01 2.260301399230957031e+01
5.747260093688964844e+00 -6.589271593838930130e-03 1.077790856361389160e-01 7.575362175703048706e-02 3.271123766899108887e-02 -1.619184166193008423e-01 2.313875579833984375e+01
5.980604171752929688e+00 -5.453569814562797546e-03 1.128306090831756592e-01 4.577826708555221558e-02 4.170706868171691895e-02 -1.660932898521423340e-01 2.351967620849609375e+01
6.217020034790039062e+00 -4.361412953585386276e-03 1.104428097605705261e-01 1.735412329435348511e-02 5.139286071062088013e-02 -1.680250465869903564e-01 2.375889968872070312e+01
6.455183506011962891e+00 -3.325521247461438179e-03 1.015539020299911499e-01 -7.475517690181732178e-03 6.127821654081344604e-02 -1.675879657268524170e-01 2.386797332763671875e+01
6.693865299224853516e+00 -2.351328264921903610e-03 8.772592246532440186e-02 -2.729793637990951538e-02 7.077059894800186157e-02 -1.648126691579818726e-01 2.385212326049804688e+01
6.931721210479736328e+00 -1.523893559351563454e-03 7.085654884576797485e-02 -4.121113568544387817e-02 7.926744222640991211e-02 -1.598618030548095703e-01 2.371610641479492188e+01
7.167706012725830078e+00 -9.121792973019182682e-04 5.292846634984016418e-02 -4.890514165163040161e-02 8.629983663558959961e-02 -1.530178338289260864e-01 2.347071266174316406e+01
7.400779247283935547e+00 -4.953756579197943211e-04 3.582277148962020874e-02 -5.084197968244552612e-02 9.153935313224792480e-02 -1.446835994720458984e-01 2.313245010375976562e+01
7.630004405975341797e+00 -2.169609942939132452e-04 2.110082656145095825e-02 -4.794511944055557251e-02 9.473627805709838867e-02 -1.353570818901062012e-01 2.271549987792968750e+01
7.854753971099853516e+00 -5.010301902075298131e-05 9.881234727799892426e-03 -4.143924266099929810e-02 9.569907188415527344e-02 -1.255504488945007324e-01 2.222420501708984375e+01
8.074177742004394531e+00 6.553822458954527974e-06 2.805015770718455315e-03 -3.285133093595504761e-02 9.436588734388351440e-02 -1.157205924391746521e-01 2.165066146850585938e+01
8.287353515625000000e+00 -0.000000000000000000e+00 0.000000000000000000e+00 -2.362813800573348999e-02 9.096000343561172485e-02 -1.063160002231597900e-01 2.097743988037109375e+01
