0.000000 0.000000
-0.009824 -0.001818
-0.019458 -0.004466
-0.028834 -0.007916
-0.037892 -0.012134
-0.046572 -0.017083
-0.054821 -0.022720
-0.062591 -0.029003
-0.069836 -0.035885
-0.076516 -0.043316
-0.082596 -0.051245
-0.088046 -0.059621
-0.092838 -0.068390
-0.096950 -0.077497
-0.100366 -0.086889
-0.103070 -0.096509
-0.105054 -0.106303
-0.106311 -0.116217
-0.106841 -0.126196
-0.106645 -0.136188
-0.105728 -0.146139
-0.104099 -0.155999
-0.101770 -0.165718
-0.098757 -0.175246
-0.095078 -0.184538
-0.090753 -0.193548
-0.085806 -0.202231
-0.080263 -0.210547
-0.074154 -0.218456
-0.067508 -0.225920
-0.060359 -0.232904
-0.052742 -0.239374
-0.044694 -0.245299
-0.036253 -0.250650
-0.027461 -0.255401
-0.018359 -0.259529
-0.008992 -0.263011
0.000597 -0.265830
0.010359 -0.267968
0.020248 -0.269413
0.030214 -0.270154
0.040207 -0.270184
0.050177 -0.269497
0.060072 -0.268093
0.069838 -0.265974
0.079422 -0.263144
0.088770 -0.259612
0.097828 -0.255392
0.106541 -0.250499
0.114854 -0.244954
0.122712 -0.238782
0.130062 -0.232013
0.136849 -0.224680
0.143021 -0.216822
0.148527 -0.208485
0.153317 -0.199717
0.157345 -0.190574
0.160565 -0.181117
0.162939 -0.171413
0.164429 -0.161535
0.165005 -0.151562
0.164642 -0.141580
0.163322 -0.131680
0.161035 -0.121957
0.157783 -0.112515
0.153574 -0.103459
0.148432 -0.094899
0.142392 -0.086948
0.135504 -0.079720
0.127836 -0.073328
0.119470 -0.067882
0.110508 -0.063488
0.101070 -0.060244
0.091296 -0.058235
0.081343 -0.057533
0.071389 -0.058190
0.061626 -0.060235
0.052262 -0.063667
0.043516 -0.068455
0.035611 -0.074530
0.028770 -0.081779
0.023211 -0.090049
0.019131 -0.099138
0.016701 -0.108798
0.016054 -0.118734
0.017270 -0.128614
0.020365 -0.138072
0.025279 -0.146722
0.031865 -0.154173
0.039881 -0.160051
0.048990 -0.164021
0.058759 -0.165817
0.068671 -0.165268
0.078148 -0.162330
0.086579 -0.157109
0.093363 -0.149883
0.097956 -0.141108
0.099934 -0.131409
0.099050 -0.121558
0.095291 -0.112418
0.088919 -0.104873
