0.000000 0.000000 0.000000
0.010092 -0.009921 -0.001850
0.020183 -0.019647 -0.004543
0.030276 -0.029110 -0.008048
0.040368 -0.038247 -0.012334
0.050460 -0.046999 -0.017360
0.060553 -0.055310 -0.023087
0.070646 -0.063130 -0.029468
0.080739 -0.070412 -0.036455
0.090832 -0.077117 -0.044000
0.100925 -0.083208 -0.052048
0.111018 -0.088653 -0.060547
0.121112 -0.093425 -0.069441
0.131206 -0.097502 -0.078675
0.141299 -0.100865 -0.088192
0.151393 -0.103501 -0.097935
0.161487 -0.105402 -0.107849
0.171581 -0.106560 -0.117876
0.181675 -0.106975 -0.127962
0.191770 -0.106651 -0.138051
0.201864 -0.105592 -0.148089
0.211958 -0.103808 -0.158025
0.222053 -0.101313 -0.167806
0.232147 -0.098124 -0.177384
0.242242 -0.094259 -0.186709
0.252337 -0.089740 -0.195736
0.262431 -0.084593 -0.204420
0.272526 -0.078846 -0.212719
0.282621 -0.072529 -0.220593
0.292716 -0.065673 -0.228002
0.302810 -0.058314 -0.234913
0.312905 -0.050489 -0.241290
0.323000 -0.042236 -0.247103
0.333095 -0.033595 -0.252323
0.343190 -0.024610 -0.256923
0.353284 -0.015323 -0.260881
0.363379 -0.005781 -0.264174
0.373474 0.003970 -0.266785
0.383568 0.013882 -0.268699
0.393663 0.023905 -0.269901
0.403757 0.033988 -0.270384
0.413852 0.044079 -0.270139
0.423946 0.054126 -0.269164
0.434040 0.064075 -0.267459
0.444134 0.073872 -0.265026
0.454228 0.083461 -0.261873
0.464322 0.092786 -0.258010
0.474416 0.101792 -0.253452
0.484509 0.110422 -0.248217
0.494603 0.118620 -0.242329
0.504696 0.126329 -0.235815
0.514789 0.133494 -0.228707
0.524881 0.140061 -0.221042
0.534974 0.145975 -0.212865
0.545066 0.151185 -0.204222
0.555157 0.155642 -0.195167
0.565249 0.159297 -0.185761
0.575340 0.162108 -0.176070
0.585430 0.164035 -0.166165
0.595520 0.165044 -0.156125
0.605610 0.165106 -0.146036
0.615699 0.164199 -0.135988
0.625787 0.162310 -0.126078
0.635875 0.159434 -0.116408
0.645963 0.155578 -0.107087
0.656049 0.150759 -0.098226
0.666135 0.145008 -0.089940
0.676220 0.138373 -0.082346
0.686304 0.130913 -0.075560
0.696387 0.122710 -0.069698
0.706469 0.113859 -0.064870
0.716550 0.104478 -0.061178
0.726629 0.094704 -0.058717
0.736708 0.084692 -0.057564
0.746785 0.074617 -0.057780
0.756860 0.064673 -0.059401
0.766934 0.055068 -0.062437
0.777006 0.046022 -0.066867
0.787076 0.037764 -0.072630
0.797144 0.030522 -0.079625
0.807210 0.024522 -0.087707
0.817274 0.019970 -0.096682
0.827335 0.017051 -0.106311
0.837393 0.015911 -0.116304
0.847449 0.016647 -0.126333
0.857501 0.019292 -0.136031
0.867550 0.023805 -0.145010
0.877596 0.030059 -0.152871
0.887638 0.037833 -0.159227
0.897675 0.046806 -0.163727
0.907708 0.056559 -0.166080
0.917737 0.066587 -0.166089
0.927760 0.076316 -0.163678
0.937778 0.085131 -0.158916
0.947791 0.092414 -0.152046
0.957797 0.097599 -0.143488
0.967796 0.100224 -0.133840
0.977789 0.099994 -0.123850
0.987773 0.096839 -0.114377
0.997750 0.090960 -0.106316
