0.000000 0.000000 0.000000
0.010100 0.002265 0.009843
0.020201 0.004757 0.019631
0.030301 0.007463 0.029362
0.040402 0.010373 0.039035
0.050502 0.013473 0.048648
0.060603 0.016751 0.058202
0.070703 0.020195 0.067697
0.080804 0.023792 0.077135
0.090905 0.027530 0.086519
0.101006 0.031395 0.095851
0.111106 0.035375 0.105135
0.121207 0.039457 0.114374
0.131308 0.043628 0.123574
0.141409 0.047874 0.132739
0.151510 0.052184 0.141874
0.161611 0.056543 0.150986
0.171712 0.060938 0.160081
0.181813 0.065355 0.169165
0.191914 0.069781 0.178245
0.202015 0.074201 0.187327
0.212116 0.078601 0.196420
0.222217 0.082966 0.205529
0.232318 0.087282 0.214661
0.242419 0.091532 0.223824
0.252520 0.095701 0.233025
0.262621 0.099772 0.242269
0.272722 0.103728 0.251563
0.282822 0.107552 0.260912
0.292923 0.111224 0.270321
0.303023 0.114727 0.279795
0.313124 0.118039 0.289337
0.323224 0.121141 0.298949
0.333324 0.124011 0.308633
0.343425 0.126626 0.318389
0.353524 0.128965 0.328214
0.363624 0.131003 0.338106
0.373724 0.132715 0.348060
0.383823 0.134076 0.358067
0.393922 0.135061 0.368118
0.404021 0.135643 0.378200
0.414120 0.135796 0.388297
0.424218 0.135493 0.398391
0.434316 0.134707 0.408458
0.444414 0.133414 0.418473
0.454511 0.131587 0.428403
0.464608 0.129203 0.438214
0.474704 0.126241 0.447866
0.484800 0.122681 0.457314
0.494895 0.118508 0.466506
0.504990 0.113711 0.475388
0.515084 0.108283 0.483899
0.525177 0.102225 0.491972
0.535270 0.095543 0.499536
0.545361 0.088254 0.506516
0.555452 0.080385 0.512833
0.565542 0.071973 0.518404
0.575631 0.063069 0.523148
0.585719 0.053737 0.526979
0.595806 0.044058 0.529818
0.605891 0.034129 0.531589
0.615975 0.024065 0.532222
0.626058 0.013998 0.531662
0.636139 0.004078 0.529865
0.646218 -0.005527 0.526811
0.656295 -0.014636 0.522500
0.666371 -0.023054 0.516964
0.676444 -0.030579 0.510267
0.686515 -0.037006 0.502514
0.696583 -0.042136 0.493850
0.706649 -0.045783 0.484468
0.716712 -0.047784 0.474606
0.726772 -0.048016 0.464549
0.736828 -0.046402 0.454623
0.746881 -0.042930 0.445189
0.756930 -0.037665 0.436629
0.766976 -0.030758 0.429335
0.777016 -0.022461 0.423681
0.787052 -0.013124 0.420000
0.797084 -0.003198 0.418557
0.807109 0.006782 0.419514
0.817129 0.016214 0.422898
0.827143 0.024464 0.428574
0.837150 0.030913 0.436225
0.847151 0.035016 0.445345
0.857144 0.036361 0.455247
0.867128 0.034737 0.465099
0.877105 0.030197 0.473983
0.887072 0.023098 0.480979
0.897029 0.014116 0.485277
0.906977 0.004222 0.486298
0.916913 -0.005398 0.483812
0.926837 -0.013468 0.478036
0.936749 -0.018804 0.469682
0.946647 -0.020517 0.459933
0.956531 -0.018223 0.450319
0.966401 -0.012199 0.442501
0.976254 -0.003449 0.437972
0.986090 0.006384 0.437716
0.995907 0.015263 0.441905
