0.000000 0.000000 0.000000
0.010098 -0.009991 -0.001463
0.020196 -0.019896 -0.003427
0.030293 -0.029689 -0.005891
0.040391 -0.039341 -0.008856
0.050489 -0.048827 -0.012318
0.060586 -0.058117 -0.016273
0.070683 -0.067185 -0.020716
0.080781 -0.076001 -0.025639
0.090878 -0.084536 -0.031034
0.100975 -0.092762 -0.036888
0.111072 -0.100651 -0.043191
0.121169 -0.108173 -0.049926
0.131266 -0.115301 -0.057078
0.141363 -0.122007 -0.064626
0.151460 -0.128263 -0.072551
0.161556 -0.134044 -0.080828
0.171653 -0.139325 -0.089434
0.181749 -0.144081 -0.098340
0.191846 -0.148290 -0.107517
0.201942 -0.151931 -0.116934
0.212038 -0.154984 -0.126558
0.222134 -0.157433 -0.136352
0.232230 -0.159261 -0.146281
0.242326 -0.160457 -0.156306
0.252422 -0.161009 -0.166387
0.262517 -0.160911 -0.176482
0.272613 -0.160156 -0.186549
0.282709 -0.158744 -0.196546
0.292804 -0.156675 -0.206427
0.302899 -0.153953 -0.216148
0.312995 -0.150587 -0.225666
0.323090 -0.146586 -0.234934
0.333185 -0.141966 -0.243910
0.343280 -0.136743 -0.252549
0.353375 -0.130938 -0.260809
0.363470 -0.124577 -0.268647
0.373565 -0.117686 -0.276024
0.383660 -0.110296 -0.282901
0.393754 -0.102442 -0.289242
0.403849 -0.094159 -0.295013
0.413944 -0.085488 -0.300181
0.424038 -0.076470 -0.304718
0.434133 -0.067151 -0.308599
0.444227 -0.057578 -0.311799
0.454322 -0.047798 -0.314300
0.464416 -0.037863 -0.316087
0.474510 -0.027825 -0.317147
0.484605 -0.017736 -0.317471
0.494699 -0.007650 -0.317056
0.504793 0.002378 -0.315902
0.514887 0.012294 -0.314013
0.524981 0.022043 -0.311396
0.535075 0.031571 -0.308063
0.545169 0.040825 -0.304032
0.555263 0.049753 -0.299322
0.565357 0.058303 -0.293958
0.575451 0.066427 -0.287967
0.585545 0.074078 -0.281383
0.595639 0.081210 -0.274240
0.605732 0.087781 -0.266579
0.615826 0.093752 -0.258440
0.625920 0.099085 -0.249871
0.636013 0.103748 -0.240919
0.646107 0.107711 -0.231635
0.656200 0.110947 -0.222075
0.666294 0.113434 -0.212293
0.676387 0.115155 -0.202347
0.686480 0.116095 -0.192298
0.696574 0.116245 -0.182206
0.706667 0.115600 -0.172133
0.716760 0.114160 -0.162143
0.726853 0.111930 -0.152300
0.736946 0.108918 -0.142667
0.747038 0.105139 -0.133308
0.757131 0.100614 -0.124287
0.767223 0.095365 -0.115667
0.777316 0.089425 -0.107508
0.787408 0.082826 -0.099872
0.797500 0.075611 -0.092815
0.807592 0.067824 -0.086396
0.817683 0.059518 -0.080665
0.827775 0.050747 -0.075674
0.837866 0.041574 -0.071469
0.847957 0.032065 -0.068091
0.858048 0.022292 -0.065578
0.868138 0.012332 -0.063962
0.878229 0.002266 -0.063268
0.888318 -0.007821 -0.063516
0.898408 -0.017839 -0.064719
0.908497 -0.027694 -0.066879
0.918586 -0.037290 -0.069992
0.928674 -0.046529 -0.074044
0.938762 -0.055310 -0.079010
0.948849 -0.063532 -0.084854
0.958936 -0.071093 -0.091530
0.969022 -0.077896 -0.098977
0.979107 -0.083842 -0.107123
0.989192 -0.088842 -0.115881
0.999276 -0.092809 -0.125152
