0.000000 0.004227 -0.000593
0.007479 -0.000164 0.005461
0.029945 -0.006660 0.026967
0.040118 -0.016384 0.029956
0.051254 -0.014511 0.040934
0.053552 -0.015473 0.043020
0.066753 -0.022385 0.054268
0.077030 -0.024008 0.064416
0.091336 -0.027950 0.078167
0.099428 -0.033806 0.083752
0.112172 -0.034511 0.096477
0.117860 -0.039972 0.098070
0.133186 -0.036870 0.113079
0.144718 -0.044597 0.121639
0.152546 -0.045667 0.129393
0.168854 -0.045869 0.145700
0.180604 -0.052917 0.155101
0.196495 -0.040068 0.164451
0.203334 -0.043355 0.170449
0.221035 -0.046181 0.187923
0.231574 -0.039026 0.195661
0.243015 -0.047121 0.203746
0.255674 -0.040767 0.214695
0.264859 -0.039281 0.223759
0.271536 -0.035316 0.229132
0.285917 -0.032673 0.243267
0.293925 -0.033165 0.251261
0.304749 -0.027244 0.260321
0.314205 -0.023861 0.269151
0.327061 -0.017329 0.280225
0.334568 -0.011418 0.284851
0.352985 -0.006504 0.302601
0.360339 -0.007213 0.309921
0.371133 0.001152 0.316743
0.379550 0.003140 0.324922
0.388178 0.009614 0.330626
0.404617 0.019401 0.343833
0.416686 0.030768 0.347891
0.422209 0.030876 0.353413
0.439204 0.041565 0.366625
0.445266 0.047275 0.368659
0.458204 0.059025 0.374078
0.465471 0.060329 0.381227
0.477746 0.071804 0.385584
0.488768 0.081644 0.390551
0.508098 0.091722 0.407046
0.518371 0.101626 0.409775
0.522828 0.105946 0.410871
0.526906 0.110016 0.411130
0.539543 0.121159 0.417091
0.549993 0.129174 0.423795
0.570643 0.148447 0.431212
0.572611 0.148635 0.429253
0.585892 0.161848 0.430598
0.595276 0.168170 0.437533
0.610969 0.180563 0.447159
0.617089 0.184745 0.451629
0.625600 0.191949 0.456158
0.635006 0.200963 0.458850
0.650744 0.215706 0.464355
0.658198 0.222635 0.467104
0.670718 0.231392 0.476051
0.684318 0.244910 0.474557
0.696368 0.250023 0.485468
0.704581 0.258020 0.487341
0.718986 0.270204 0.495026
0.728202 0.270722 0.504227
0.742711 0.282540 0.512646
0.750048 0.289817 0.513581
0.765362 0.292909 0.528580
0.774993 0.299993 0.535104
0.781636 0.300833 0.541694
0.791402 0.305045 0.550504
0.803183 0.312024 0.559997
0.813584 0.316043 0.569590
0.826417 0.322635 0.580601
0.840690 0.312612 0.590761
0.852995 0.313550 0.603030
0.865317 0.309695 0.614734
0.876931 0.299650 0.620564
0.883208 0.298216 0.626675
0.897970 0.286896 0.636150
0.902164 0.286377 0.640311
0.916689 0.271851 0.640375
0.926973 0.264911 0.647964
0.939186 0.252962 0.645443
0.947028 0.245919 0.641994
0.959006 0.234657 0.637915
0.967810 0.231050 0.629884
0.980875 0.227198 0.617399
0.988435 0.228289 0.609919
0.999247 0.223822 0.600073
1.009478 0.222333 0.589951
1.020467 0.233317 0.589615
1.040019 0.248972 0.577902
1.042749 0.251597 0.578654
1.058379 0.266988 0.581377
1.065522 0.271609 0.586824
1.079798 0.279157 0.598941
1.094328 0.268214 0.608500
