0.000000 0.000000 0.000000
0.010095 0.001740 0.009943
0.020189 0.004194 0.019735
0.030283 0.007363 0.029319
0.040377 0.011243 0.038637
0.050470 0.015826 0.047630
0.060563 0.021095 0.056238
0.070656 0.027032 0.064400
0.080749 0.033609 0.072056
0.090841 0.040792 0.079145
0.100933 0.048542 0.085610
0.111025 0.056811 0.091394
0.121116 0.065548 0.096445
0.131208 0.074691 0.100715
0.141299 0.084177 0.104158
0.151389 0.093932 0.106739
0.161480 0.103881 0.108423
0.171570 0.113942 0.109189
0.181660 0.124030 0.109018
0.191750 0.134058 0.107903
0.201839 0.143936 0.105845
0.211929 0.153572 0.102856
0.222018 0.162877 0.098955
0.232107 0.171761 0.094173
0.242196 0.180137 0.088549
0.252285 0.187924 0.082134
0.262374 0.195043 0.074986
0.272462 0.201424 0.067171
0.282551 0.207003 0.058766
0.292640 0.211724 0.049850
0.302728 0.215542 0.040512
0.312817 0.218421 0.030842
0.322906 0.220334 0.020937
0.332995 0.221267 0.010891
0.343084 0.221215 0.000802
0.353173 0.220186 -0.009235
0.363262 0.218197 -0.019126
0.373352 0.215274 -0.028783
0.383442 0.211455 -0.038122
0.393532 0.206784 -0.047066
0.403623 0.201314 -0.055545
0.413714 0.195102 -0.063498
0.423805 0.188213 -0.070871
0.433897 0.180711 -0.077622
0.443989 0.172667 -0.083717
0.454082 0.164151 -0.089133
0.464175 0.155230 -0.093854
0.474269 0.145972 -0.097878
0.484363 0.136443 -0.101206
0.494458 0.126701 -0.103853
0.504554 0.116802 -0.105838
0.514650 0.106797 -0.107189
0.524747 0.096728 -0.107938
0.534844 0.086632 -0.108125
0.544942 0.076540 -0.107794
0.555041 0.066473 -0.106990
0.565140 0.056449 -0.105767
0.575239 0.046475 -0.104177
0.585339 0.036555 -0.102277
0.595440 0.026687 -0.100126
0.605540 0.016861 -0.097785
0.615641 0.007066 -0.095317
0.625742 -0.002713 -0.092790
0.635843 -0.012495 -0.090271
0.645944 -0.022297 -0.087833
0.656045 -0.032137 -0.085552
0.666145 -0.042028 -0.083509
0.676244 -0.051980 -0.081789
0.686342 -0.061994 -0.080483
0.696439 -0.072059 -0.079685
0.706535 -0.082153 -0.079493
0.716629 -0.092234 -0.080010
0.726721 -0.102238 -0.081336
0.736810 -0.112077 -0.083570
0.746896 -0.121632 -0.086798
0.756979 -0.130754 -0.091095
0.767058 -0.139257 -0.096505
0.777132 -0.146925 -0.103039
0.787201 -0.153512 -0.110655
0.797265 -0.158749 -0.119248
0.807322 -0.162365 -0.128633
0.817371 -0.164101 -0.138531
0.827413 -0.163744 -0.148567
0.837446 -0.161163 -0.158262
0.847469 -0.156349 -0.167053
0.857481 -0.149464 -0.174322
0.867481 -0.140877 -0.179447
0.877467 -0.131191 -0.181878
0.887440 -0.121239 -0.181236
0.897396 -0.112045 -0.177416
0.907335 -0.104721 -0.170697
0.917256 -0.100320 -0.161807
0.927155 -0.099623 -0.151931
0.937033 -0.102920 -0.142620
0.946887 -0.109798 -0.135565
0.956714 -0.119053 -0.132260
0.966513 -0.128763 -0.133581
0.976282 -0.136614 -0.139394
0.986019 -0.140466 -0.148336
0.995720 -0.139063 -0.157935
