0.000000 0.000000
-0.009896 -0.001421
-0.019716 -0.003295
-0.029434 -0.005641
-0.039020 -0.008476
-0.048442 -0.011816
-0.057663 -0.015674
-0.066647 -0.020057
-0.075350 -0.024971
-0.083731 -0.030418
-0.091744 -0.036392
-0.099342 -0.042884
-0.106478 -0.049882
-0.113103 -0.057364
-0.119170 -0.065304
-0.124633 -0.073672
-0.129448 -0.082428
-0.133571 -0.091530
-0.136966 -0.100928
-0.139596 -0.110567
-0.141433 -0.120389
-0.142453 -0.130328
-0.142638 -0.140317
-0.141978 -0.150286
-0.140468 -0.160162
-0.138112 -0.169871
-0.134922 -0.179339
-0.130917 -0.188491
-0.126124 -0.197257
-0.120577 -0.205565
-0.114318 -0.213352
-0.107395 -0.220554
-0.099861 -0.227115
-0.091777 -0.232984
-0.083206 -0.238117
-0.074217 -0.242476
-0.064880 -0.246029
-0.055268 -0.248754
-0.045456 -0.250634
-0.035518 -0.251660
-0.025528 -0.251830
-0.015561 -0.251150
-0.005686 -0.249630
0.004028 -0.247289
0.013513 -0.244151
0.022709 -0.240243
0.031557 -0.235600
0.040001 -0.230259
0.047993 -0.224261
0.055486 -0.217650
0.062439 -0.210474
0.068815 -0.202780
0.074583 -0.194620
0.079714 -0.186045
0.084185 -0.177108
0.087976 -0.167862
0.091073 -0.158361
0.093463 -0.148658
0.095139 -0.138806
0.096095 -0.128858
0.096332 -0.118867
0.095850 -0.108885
0.094655 -0.098964
0.092755 -0.089152
0.090160 -0.079501
0.086885 -0.070060
0.082945 -0.060875
0.078360 -0.051996
0.073152 -0.043467
0.067344 -0.035333
0.060966 -0.027640
0.054046 -0.020430
0.046619 -0.013744
0.038721 -0.007622
0.030390 -0.002103
0.021670 0.002777
0.012606 0.006984
0.003247 0.010485
-0.006355 0.013253
-0.016143 0.015260
-0.026060 0.016484
-0.036043 0.016908
-0.046027 0.016515
-0.055944 0.015298
-0.065723 0.013252
-0.075292 0.010379
-0.084575 0.006686
-0.093496 0.002190
-0.101977 -0.003089
-0.109941 -0.009119
-0.117310 -0.015862
-0.124008 -0.023272
-0.129961 -0.031293
-0.135098 -0.039858
-0.139352 -0.048894
-0.142662 -0.058316
-0.144973 -0.068031
-0.146240 -0.077936
-0.146427 -0.087919
-0.145506 -0.097861
-0.143468 -0.107634
