0.000000 0.000000
0.002246 0.009744
0.004657 0.019449
0.007227 0.029112
0.009950 0.038734
0.012818 0.048314
0.015825 0.057851
0.018963 0.067346
0.022224 0.076799
0.025601 0.086211
0.029085 0.095584
0.032668 0.104920
0.036342 0.114221
0.040097 0.123489
0.043925 0.132727
0.047817 0.141939
0.051762 0.151127
0.055752 0.160297
0.059776 0.169452
0.063824 0.178596
0.067885 0.187734
0.071949 0.196871
0.076004 0.206012
0.080038 0.215162
0.084040 0.224326
0.087996 0.233510
0.091895 0.242719
0.095721 0.251958
0.099462 0.261232
0.103102 0.270546
0.106625 0.279904
0.110016 0.289312
0.113257 0.298771
0.116332 0.308287
0.119220 0.317860
0.121902 0.327493
0.124358 0.337186
0.126567 0.346938
0.128506 0.356747
0.130152 0.366609
0.131480 0.376519
0.132465 0.386469
0.133082 0.396448
0.133303 0.406444
0.133102 0.416439
0.132452 0.426415
0.131325 0.436349
0.129695 0.446211
0.127535 0.455971
0.124820 0.465591
0.121529 0.475029
0.117641 0.484236
0.113140 0.493160
0.108015 0.501739
0.102261 0.509908
0.095879 0.517596
0.088881 0.524726
0.081286 0.531216
0.073127 0.536980
0.064452 0.541929
0.055322 0.545976
0.045816 0.549032
0.036031 0.551014
0.026084 0.551846
0.016110 0.551465
0.006267 0.549823
-0.003269 0.546892
-0.012308 0.542672
-0.020643 0.537196
-0.028060 0.530533
-0.034343 0.522795
-0.039283 0.514140
-0.042687 0.504777
-0.044392 0.494965
-0.044276 0.485009
-0.042275 0.475260
-0.038396 0.466098
-0.032729 0.457925
-0.025463 0.451141
-0.016887 0.446122
-0.007399 0.443189
0.002509 0.442581
0.012259 0.444414
0.021220 0.448658
0.028744 0.455105
0.034225 0.463351
0.037152 0.472802
0.037188 0.482688
0.034229 0.492112
0.028467 0.500123
0.020422 0.505821
0.010938 0.508476
0.001136 0.507661
-0.007703 0.503372
-0.014296 0.496106
-0.017572 0.486872
-0.016896 0.477112
-0.012266 0.468512
-0.004429 0.462710
0.005143 0.460946
0.014455 0.463713
