0.000000 0.000000
-0.009654 -0.002608
-0.019328 -0.005138
-0.029003 -0.007669
-0.038656 -0.010278
-0.048268 -0.013036
-0.057815 -0.016010
-0.067270 -0.019262
-0.076602 -0.022849
-0.085776 -0.026822
-0.094751 -0.031226
-0.103479 -0.036098
-0.111910 -0.041467
-0.119988 -0.047354
-0.127651 -0.053769
-0.134836 -0.060714
-0.141479 -0.068179
-0.147514 -0.076142
-0.152875 -0.084573
-0.157501 -0.093429
-0.161333 -0.102655
-0.164319 -0.112187
-0.166414 -0.121955
-0.167581 -0.131875
-0.167794 -0.141861
-0.167039 -0.151820
-0.165311 -0.161657
-0.162618 -0.171275
-0.158981 -0.180577
-0.154433 -0.189469
-0.149018 -0.197861
-0.142790 -0.205668
-0.135812 -0.212815
-0.128159 -0.219231
-0.119907 -0.224859
-0.111143 -0.229650
-0.101954 -0.233564
-0.092430 -0.236575
-0.082662 -0.238665
-0.072741 -0.239827
-0.062755 -0.240066
-0.052788 -0.239392
-0.042921 -0.237826
-0.033230 -0.235397
-0.023786 -0.232137
-0.014653 -0.228086
-0.005889 -0.223289
0.002456 -0.217793
0.010335 -0.211648
0.017709 -0.204905
0.024546 -0.197617
0.030819 -0.189837
0.036505 -0.181619
0.041588 -0.173015
0.046055 -0.164075
0.049899 -0.154850
0.053114 -0.145386
0.055700 -0.135732
0.057658 -0.125931
0.058991 -0.116025
0.059707 -0.106055
0.059811 -0.096061
0.059315 -0.086077
0.058228 -0.076141
0.056562 -0.066285
0.054329 -0.056542
0.051542 -0.046942
0.048215 -0.037516
0.044362 -0.028292
0.039997 -0.019300
0.035137 -0.010565
0.029796 -0.002115
0.023990 0.006022
0.017738 0.013822
0.011056 0.021256
0.003963 0.028299
-0.003521 0.034925
-0.011376 0.041108
-0.019578 0.046820
-0.028105 0.052036
-0.036930 0.056730
-0.046024 0.060876
-0.055359 0.064448
-0.064902 0.067422
-0.074616 0.069772
-0.084464 0.071477
-0.094404 0.072513
-0.104392 0.072863
-0.114380 0.072508
-0.124315 0.071434
-0.134144 0.069629
-0.143808 0.067087
-0.153245 0.063804
-0.162393 0.059784
-0.171183 0.055034
-0.179547 0.049569
-0.187415 0.043412
-0.194716 0.036593
-0.201378 0.029149
-0.207332 0.021128
-0.212509 0.012586
